0.709255148966
0.669105573014
0.611791188641
0.620117307953
0.560051631213
0.561911927085
0.562398643286
0.590750426233
0.660180566517
0.62323215341
0.628710989438
0.628968185023
0.621628098999
0.610464235903
0.641371770542
0.657041498925
0.605386507277
0.611503964061
0.573914981731
0.667746749562
0.664128488961
0.683691533486
0.6864513356
0.578429458095
0.580895877442
0.622766440239
0.541106100081
0.641458419998
0.658882621588
0.679426286806
0.647816192223
0.618627825069
0.602401217882
0.617673022
0.640864417225
0.69354374801
0.687461453579
0.608359027866
0.63584451535
0.672377988011
0.641445610567
0.630294720784
0.686571043065
0.676340365887
0.649432961314
0.641989478407
0.677255154197
0.703135524636
0.704446766196
0.720904666335
0.70134779102
0.62774547889
0.667277594783
0.60136813367
0.655632398812
0.714099452065
0.735154988133
0.62603691358
0.609066136241
0.683694757068
0.61297350176
0.639504627817
0.634655511012
0.672594460944
0.654757313998
0.640563029467
0.672212411163
0.65589397988
0.608755905953
0.711848187775
0.677234653065
0.671702706837
0.670890858355
0.619524930232
0.651016095707
0.614994015248
0.652627945063
0.712653260213
0.605307029211
0.682344057972
0.633398259906
0.660319337451
0.595636318791
0.633045083114
0.685655760998
0.630969074097
0.611030320987
0.614235307213
0.572676446814
0.628762788624
0.635500158145
0.716824267503
0.639591429833
0.64106796211
0.650089030797
0.639738771209
0.589715183438
0.667424884221
0.570354997989
0.621732362504
0.650450487326
0.595842919632
0.61132805854
0.639238514454
0.700272213237
0.688762504759
0.665132621644
0.650907287988
0.638457764065
0.647805178471
0.635958991337
0.69168684569
0.647439404596
0.65328697025
0.642268024987
0.63061303611
0.605382331048
0.661009819315
0.659146765586
0.604696585259
0.567995700081
0.606723769164
0.585624353181
0.592777941814
0.676544921819
0.7153232675
0.673795853966
0.634585101182
0.618318391774
0.636741605936
0.643184763694
0.642900013743
0.716034167937
0.675538696841
0.64518312021
0.649037875492
0.674312032753
0.652699777153
0.674456690986
0.701664873831
0.702080257256
0.660534649018
0.633153953737
0.650306436222
0.620906280997
0.65764759134
0.656451786966
0.479067921672
0.47146615514
0.618215103937
0.613372407243
0.691871893991
0.662448098466
0.674319540095
0.638335921117
0.639917051845
0.638599823769
0.65741846536
0.67736716384
0.678676332572
0.656844679544
0.624450587739
0.604635719239
0.627148895079
0.667019538778
0.680538151066
0.673091537322
0.640107307751
0.647758773091
0.651632026977
0.652810484995
0.66066869435
0.706839520048
0.721031912003
0.637808564333
0.647147465155
0.640502709024
0.627857141117
0.632433399592
0.694472658345
0.700212018129
0.628578675055
0.618625499648
0.645741754194
0.641334521611
0.709102677263
0.715094770652
0.682474818685
0.651723775752
0.322618598443
0.326279881475
0.643682836578
0.668115115568
0.674333583972
0.679973783996
0.669262309984
0.654001475778
0.665149750409
0.726182004648
0.70127569787
0.683613021019
0.640963603653
0.640618691493
0.669388423684
0.67619506764
0.709383515142
0.693928530454
0.629755284329
0.67772794058
0.665212893331
0.657300760432
0.625338939448
0.633959449039
0.696862464496
0.682135466792
0.677207886084
0.688814874422
0.682990159502
0.712006059419
0.725793623833
0.72764471646
0.668451491459
0.659158648524
0.589959669489
0.588551600211
0.657991728323
0.617834508397
0.652124729301
0.665445945459
0.644524693431
0.685400564874
0.716669352745
0.627952363216
0.62171553207
0.618232545479
0.701262759566
0.716657333998
0.660723463133
0.620477904229
0.651137315438
0.608445271778
0.695512492174
0.742418719362
0.669796369263
0.627468089282
0.644364672219
0.630014144136
0.645594950697
0.652618964004
0.74381404725
0.680474096774
0.632401203483
0.642648372744
0.66482504987
0.667889558342
0.655216611785
0.704936919488
0.701631340782
0.691443982808
0.64567374827
0.554595874062
0.657651346191
0.67669350474
0.728545705982
0.658986944747
0.636251344896
0.650595543519
0.638030687966
0.649384296894
0.674085489663
0.618705665754
0.705989149003
0.633614622271
0.64604717203
0.558015875989
0.665809556176
0.707777577406
0.723341415592
0.703135817009
0.642552243518
0.647130347511
0.670002601551
0.668772383092
0.66157704261
0.727585367635
0.715476173626
0.6465753921
0.652334779512
0.640764531837
0.649734576481
0.67446790127
0.711287077492
0.693466518453
0.672891998586
0.652170119282
0.602061632873
0.661775347742
0.618945862007
0.697551533257
0.644161723353
0.644076192647
0.673489731136
0.637307904591
0.677829547553
0.710619423077
0.708211073828
0.653981236748
0.643300215099
0.65378119017
0.634515266651
0.679871853591
0.723855920656
0.71498512976
0.645328552903
0.630903862389
0.632907591726
0.655842998593
0.659004247155
0.691922761667
0.723890803485
0.657911880273
0.644795877092
0.590106128998
0.638465718859
0.664983951377
0.681671771856
0.692246548578
0.591004598715
0.645980094699
0.631540710845
0.643970360129
0.564328718967
0.722650645937
0.709188377318
0.671267311525
0.699793924344
0.651951118966
0.682662099443
0.671422341541
0.723963080664
0.687099012087
0.64695271452
0.671819341537
0.612826152694
0.626291975065
0.678490679491
0.729523991276
0.670143674725
0.706821944891
0.667210086866
0.645401843072
0.646781323141
0.681392390832
0.70081800961
0.685471075515
0.670718737875
0.677718857592
0.688243365239
0.658571862686
0.669705314679
0.700282129352
0.701260602249
0.684898588502
0.660244629399
0.655588709565
0.675845927356
0.693713135024
0.756348382203
0.735012306561
0.615348248918
0.653274952744
0.687101694557
0.697968702476
0.644031143594
0.713155168767
0.722901193045
0.652537261827
0.652867582202
0.674649481768
0.670643856526
0.692956105344
0.739021890595
0.725204230546
0.674796453101
0.666039969124
0.653261210487
0.653395333881
0.692911983557
0.738240558741
0.696589850089
0.680113028265
0.666588534724
0.649150463859
0.693634272836
0.693649201203
0.746837111676
0.72546330254
0.705643086314
0.722909680185
0.659662042879
0.727842201814
0.677937159063
0.672737336316
0.738529744787
0.0630493740603
0.384825630574
0.575037321393
0.527653140405
0.624229028546
0.558655661926
0.584639491666
0.49355372391
0.629085648242
0.503551256185
0.386287707028
0.65053519721
0.631484446119
0.554685798734
0.0739589283659
0.646506994433
0.676989046646
0.67024935195
0.742796871457
0.684494576309
0.655198585257
0.684615092975
0.646581170395
0.693453040493
0.754985975876
0.714545326268
0.656926398696
0.70506830806
0.708391532165
0.717359499583
0.749616522911
0.707613333862
0.679500482605
0.685024822767
0.674411623218
0.671051306687
0.668808267704
0.724441059065
0.720278059512
0.66806814193
0.676042875884
0.638383229626
0.653123603592
0.660360043095
0.703794147522
0.664337926554
0.6551632031
0.669661178371
0.652567705541
0.655132165298
0.672557369116
0.646387420078
0.635583686073
0.672497802298
0.680754093058
0.652215001653
0.677429980328
0.685879661863
0.749357887759
0.733493840605
0.650956947809
0.683540389171
0.662526494608
0.679028666105
0.697507230114
0.732642049025
0.696023317951
0.680835362997
0.674163817555
0.669599271218
0.684770250295
0.681478451593
0.724131135447
0.71933272674
0.685336273207
0.670797330151
0.674995451342
0.693399788917
0.681705352703
0.738712026933
0.722160578724
0.682142400036
0.694554939772
0.673185339111
0.684717579652
0.695038551975
0.745304803678
0.717838944371
0.675998854645
0.677648744349
0.663314766425
0.634777855717
0.674257287293
0.690071051061
0.685739948941
0.670680774541
0.683733034697
0.658759674838
0.654005189567
0.730817599855
0.632893619719
0.626009837013
0.679462093102
0.690939747394
0.668365899726
0.71771447977
0.702871817615
0.667222240976
0.683787931959
0.664773521567
0.637998052618
0.631821194653
0.738705409195
0.737461608862
0.668183053166
0.662768006065
0.665886711887
0.659279752806
0.657465332461
0.68486933253
0.681630277178
0.654330700069
0.650884758309
0.667915472578
0.670271491212
0.66210766114
0.697142778121
0.725619990802
0.579999876697
0.589718112529
0.692698965647
0.668879381014
0.675812084095
0.71061839462
0.740876798275
0.668248158874
0.6773600316
0.642334640638
0.69495137595
0.74198321425
0.755803533926
0.65451157498
0.636938805782
0.504489619537
0.489727514721
0.673800224106
0.730160338337
0.713310324321
0.708590922428
0.674114736164
0.670898464429
0.67651023042
0.704421488324
0.715547818526
0.706037074985
0.674014491933
0.6549245335
0.64000469621
0.665822602655
0.697200345401
0.732487539565
0.712541836776
0.664775607944
0.675373731597
0.65315950721
0.6455857069
0.680427015262
0.706756835493
0.742986054838
0.673549523002
0.646604948306
0.661138078719
0.678094926762
0.744198325379
0.746615780206
0.692985498936
0.690417075867
0.674040350133
0.625023235257
0.678764243196
0.736987871405
0.715615789194
0.686013710169
0.652565332368
0.277306195462
0.279535341307
0.69336034665
0.728476683798
0.662223520978
0.691182493196
0.65501714588
0.660400193691
0.693338293874
0.738204831018
0.727517864614
0.66757116436
0.659964753028
0.681861732802
0.665793390088
0.69438248632
0.710231260203
0.675243147377
0.661289486029
0.666335587603
0.646493840208
0.672434420133
0.70632624295
0.671232344718
0.617549289103
0.651170345262
0.663015399804
0.653163770392
0.69546636798
0.707282354588
0.620765583053
0.67606635404
0.282751245845
0.282454105805
0.68712754587
0.721219247747
0.704347565343
0.642174740182
0.635819513871
0.65438972109
0.675016792949
0.673695062284
0.733376810432
0.718896905515
0.674288337209
0.645706725371
0.647401029007
0.652447341225
0.681041845373
0.0302065753351
0.0302121499202
0.265188225468
0.262902338287
0.671087687357
0.681679785105
0.674903782879
0.756947676172
0.725173443152
0.711973730629
0.672004719261
0.676922099291
0.665940015683
0.686891323753
0.719251113156
0.706641437594
0.637978378408
0.658276207307
0.64323098019
0.634324660555
0.645662597673
0.745265157769
0.714700538534
0.645743029044
0.65206322496
0.646763009234
0.659238974818
0.671544578573
0.733069348833
0.696757335581
0.654788648785
0.653576858156
0.646909132493
0.655674359818
0.665527691322
0.728922743407
0.709280558087
0.666250326184
0.676862922476
0.64158354887
0.648521203772
0.669562068592
0.751723024153
0.732073709703
0.620499989176
0.585054091963
0.69993260445
0.707662873455
0.648188278173
0.565304511958
0.669678700436
0.674554875001
0.558148180233
0.550356552051
0.632863359967
0.289178855495
0.553627891886
0.292659206999
0.24823010111
0.253469533003
0.69530168658
0.707048527726
0.680614985073
0.615677829132
0.575999360811
0.685710912886
0.51252072649
0.708324467593
0.682235204741
0.186778377901
0.272915368506
0.636261450659
0.632856329735
0.737432923304
0.339218533955
0.609111893539
0.598695894343
0.609647833067
0.60001422088
0.641401832464
0.622299723598
0.604377401981
0.613834848938
0.686643143738
0.66772897535
0.59802286907
0.750408207409
0.684673633738
0.750133312391
0.599717772237
0.650970502652
0.66623820856
0.615159908724
0.286074125468
0.265755340005
