0.216344604055
0.622717463759
0.364282995076
0.366223508578
0.517258532053
0.452843525497
0.345636405262
0.30325283098
0.404793404479
0.498149425643
0.36229123951
0.373662522812
0.369926704275
0.217385537786
0.900836342721
0.908866238292
0.183425282546
0.321771598625
0.49247081053
0.45185682897
0.18098393843
0.773010088194
0.238943520031
0.438613801856
0.489384373515
0.196842504308
0.259878085822
0.147650504594
0.277907487527
0.444833151466
0.145401411911
0.17445219096
0.231933076096
0.301291872205
0.36380483795
0.206979314387
0.444404076184
0.698952442853
0.27818957858
0.911368078829
0.411907656095
0.166288079909
0.445760608213
0.233880191246
0.475083850274
0.154620276796
0.135151362558
0.23308382922
0.300035388141
0.255545978269
0.167418521994
0.30732098959
0.494953107305
0.337549255995
0.20783955585
0.259181874232
0.217317241997
0.146977264314
0.29947796842
0.46865308155
0.68595699162
0.275272509296
0.3718905336
0.295018905271
0.293092414
0.208846956439
0.145783017498
0.41284385989
0.215428150862
0.693792603967
0.710810917379
0.43860969201
0.465283400649
0.217932699541
0.147429094919
0.372018336604
0.469155399459
0.466339615872
0.278182940144
0.413389026415
0.859174742455
0.792249304283
0.305542645362
0.211951205468
0.210934520888
0.304999170547
0.409656300842
0.804413415275
0.277466096295
0.656905859349
0.460859785636
0.583101858897
0.540280118948
0.357776389042
0.368121391627
0.639509628296
0.468851585636
0.614121665951
0.438719609739
0.429109075377
0.231986738081
0.547760321529
0.336301398473
0.184261152851
0.405180093374
0.181955898609
0.531244481605
0.387807203696
0.470756283642
0.216909773242
0.16105991728
0.36019593891
0.20100792403
0.447553912928
0.243853513534
0.515710710943
0.525468088502
0.253472931488
0.359645140062
0.479143434688
0.468776750885
0.233701494226
0.233346323649
0.48915670326
0.167483517279
0.305100556444
0.291584066432
0.459506084644
0.293137756193
0.254707240929
0.207677023662
0.622739208752
0.205594950688
0.461273402304
0.415407337173
0.128112093207
0.16042420889
0.373131322306
0.527905301114
0.332792012666
0.442002068824
0.181381584259
0.161634575193
0.495576889149
0.356375640114
0.309046261381
0.356988472311
0.461892041241
0.302820397366
0.487748162312
0.223202360043
0.225219073419
0.43118846804
0.448425821763
0.412648098673
0.284067238377
0.487712012672
0.291771872603
0.417747306582
0.307153800024
0.239223053441
0.183108207999
0.497162707563
0.370295950595
0.45444144649
0.288592641002
0.145996187523
0.123197172343
0.404090163534
0.434159628295
0.380287457967
0.228182489959
0.267452450585
0.127278568983
0.948026665536
0.161012718558
0.423066120157
0.399777632451
0.296646066313
0.447226129982
0.215379971908
0.277571124076
0.459764744172
0.241592399284
0.366283974819
0.373939776617
0.411822937413
0.165646234493
0.163331336059
0.386361550028
0.229269065249
0.158134686605
0.453232028549
0.323562367502
0.16906157006
0.202666209988
0.180639298713
0.319079145984
0.28167801863
0.204819474529
0.488369198246
0.278279115846
0.424890714868
0.396334903312
0.2421431111
0.268929641402
0.286674992368
0.358180030197
0.247153505642
0.46784335673
0.357839801297
0.161343811241
0.413959715197
0.20427994826
0.448034187717
0.485778138206
0.446548207156
0.328648262031
0.203687891237
0.201017941617
0.432132855337
0.431365340021
0.447527042646
0.351195032088
0.12705880352
0.181367481781
0.354840940151
0.285234637768
0.434866515093
0.211052450378
0.132316895426
0.441612008654
0.185088692879
0.331406476388
0.35525279455
0.34344148005
0.304928453442
0.239493953881
0.182408121765
0.335870368476
0.278653499152
0.355456189858
0.347032666545
0.1367446161
0.411378928586
0.133729147324
0.331171306343
0.233126531078
0.303605544657
0.314085605417
0.344141930507
0.251208341358
0.170076169518
0.241711721308
0.29424664232
0.303014451979
0.38150983835
0.144788056274
0.909257219779
0.179714074615
0.292015706686
0.293924320916
0.257817161544
0.308272082101
0.419285689263
0.261910791076
0.319883761367
0.335335998492
0.386039528389
0.312688603771
0.262360394005
0.448507908056
0.428007997341
0.291368186997
0.288941618256
0.181188711332
0.411739769761
0.785871938411
0.113241809766
0.20756887041
0.387301960772
0.376535692185
0.302874748976
0.347239667629
0.184592167371
0.234367026519
0.344655511305
0.378750959835
0.36764631662
0.336393252946
0.178712298731
0.31148640637
0.316632823754
0.281108892276
0.321084915801
0.352661304169
0.320690593684
0.219023908852
0.261826168162
0.265029152343
0.179638585878
0.218150708322
0.312733589712
0.259299448059
0.274775485004
1.0
0.414924492226
0.244385513775
0.504337318816
0.425619028936
0.509711098704
0.271106158478
0.278268450592
0.413633352455
0.179920049966
0.384768676465
0.374747633862
0.422618910312
0.180517410648
0.276133330707
0.321858417356
0.434044032481
0.332276437968
0.324506501604
0.247659484258
0.135049898001
0.117979780114
0.234540962572
0.294085149234
0.199196276227
0.222839651923
0.337149240605
0.31084838099
0.274098271122
0.237856493385
0.317584617774
0.344513151366
0.289226650326
0.204204957124
0.367656602883
0.462981727055
0.206014277251
0.383351473292
0.237919103551
0.398320094796
0.291114489016
0.479227445039
0.473788144508
0.184200509033
0.184914456472
0.466315269957
0.340964355986
0.348832318063
0.214589825987
0.245983499235
0.379007120992
0.269533578055
0.323455222722
0.218714463429
0.238247973157
0.450315086704
0.138750863663
0.399661352553
0.190659512288
0.234852419846
0.195110210298
0.1602415745
0.208836387215
0.383041172079
0.244271579175
0.188662404174
0.446666485313
0.55947454385
0.411195369297
0.426902264131
0.422993568177
0.414724789131
0.396026813216
0.316474651062
0.273136816872
0.103336347819
0.179007903335
0.268483311454
0.335479924667
0.221588533715
0.455000171043
0.724421962946
0.168447727748
0.348676016184
0.313493910338
0.2642586979
0.294542015135
0.196946542277
0.756091686875
0.246952179605
0.333483398054
0.340225031743
0.269491197729
0.230821069069
0.14140306428
0.41408309025
0.209955550061
0.277002874897
0.385747463198
0.335956817327
0.28038476748
0.309147610109
0.76450637554
0.134473638901
0.22028652619
0.348949633204
0.179084205139
0.250048550976
0.135146414849
0.179459502551
0.395052433358
0.382591866878
0.221933981594
0.252426320278
0.177872510613
0.767806350924
0.130130034244
0.28653534268
0.300222743507
0.325543349764
0.247532742767
0.198512716441
0.113378781132
0.185183808905
0.17014553622
0.15640475246
0.292486438768
0.134024928452
0.184026690619
0.176427618861
0.199807285028
0.420552654271
0.185777593988
0.205159327553
0.14280736203
0.414662778727
0.230417168196
0.299552728288
0.27995943446
0.1935042434
0.246644982662
0.334459642431
1.0
1.0
0.137133446794
0.247092218764
0.30808533894
0.276192415594
0.120751112049
0.412306919829
0.100287110778
0.187566475316
0.343601601879
0.356331344169
0.157031798213
0.85146338765
0.131282877625
0.24342951599
0.197325265956
0.287469506892
0.28545812171
0.317574982389
0.145016839301
0.191380471898
0.344907557013
0.221991922709
0.319658912513
0.321963243626
0.448187531079
0.177905476017
0.291338672197
0.255297183987
0.253090632005
0.25815428124
0.202213575022
0.454223917209
0.154712606484
0.265555330934
0.392551398707
0.334796992012
0.419967482019
0.268673121047
0.126583554745
0.267244431967
0.451461119738
0.458490881064
0.289151794676
0.523971852303
0.459788080587
0.331528102053
0.390756234882
0.296346261009
0.378775232407
0.127106115697
0.109695746416
0.2566840019
0.209471891298
0.266373625584
0.303886596524
0.419471272766
1.0
0.391723562377
0.320202568518
0.253456772146
0.29942939801
0.250268454006
0.157106498973
0.404182398118
0.113553934635
0.290981268167
0.31886348559
0.152320379163
0.338277846161
0.210829814341
0.208064104538
0.228055644625
0.278300891959
0.327049859717
0.312909430011
0.170771884514
0.170253951422
0.312959935056
0.183856792068
0.436746529589
0.397701073137
0.214766878105
0.413850478199
0.233829454616
0.202925879198
0.366798490488
0.235155632195
0.199444560455
0.265233028746
0.155247459573
0.236905289119
0.245165123825
0.318905570449
0.230235387441
0.221713799024
0.229930381747
0.730135985968
0.226079153236
0.360210150382
0.323466907676
0.327363776903
0.132602686257
0.909263537972
0.124365249087
0.283933687042
0.245700949887
0.293951234777
0.302158403759
0.246876645426
0.14741044223
0.10245183161
0.317218750868
0.319202470035
0.279703137913
0.178160606644
0.374019764047
0.264810411827
0.219820355948
0.259457924408
0.28747175579
0.252304243533
0.159309845347
0.468989311862
0.287135450493
0.178410258545
0.221149247786
0.324120719583
0.18001040221
0.0885672010005
0.276829727593
0.139173680049
0.309516593089
0.289063494811
0.221621622132
0.199132364056
0.11998689373
0.658460083854
0.142108937184
0.322097335157
0.307412567067
0.261461350433
0.217964692045
0.234044421274
0.553556246228
0.144249126307
0.204658376515
0.218866990943
0.209341891114
0.198730257534
0.168141159929
0.177992576756
0.208685751753
0.296048201685
0.26706421958
0.2300310219
0.200880545558
0.104934071155
0.412940208568
0.13330363792
0.28699524279
0.266460242618
0.260520790934
0.18227278905
0.177347241348
0.41417250112
0.118594734089
0.279655033296
0.288830731369
0.278371801798
0.295555088492
0.121537488327
0.794532049642
0.117691373639
0.296197878682
0.234479325014
0.132255546202
0.122706043293
0.211850940125
0.468710033709
0.148118250604
0.248154215312
0.251975992916
0.313635989233
0.287073889386
0.116264402468
0.273539850328
0.139394826893
0.344117824387
0.295308115976
0.305373445865
0.173948825308
0.21226187442
0.413975293231
0.115542626122
0.16656869034
0.360448173857
0.144792315761
0.254170428198
0.121570965286
0.936591426341
0.180803599124
0.430271467815
0.274252220428
0.280701653431
0.551148783322
0.309919404709
0.851123258623
0.304710488321
0.159444574398
0.229998313757
0.354044230211
0.174064828324
0.133833330038
0.135155394389
0.174536540798
0.382039755811
0.334855106304
0.492721021383
0.225350084416
0.216415172537
0.170145668317
0.372742974458
0.327371956733
0.240590757136
0.496019495236
0.297969679344
0.199492941318
0.159626982551
0.326299986197
0.422575374679
0.237727004109
0.312513433845
0.244126781868
0.234588781585
0.16963785109
0.261409214705
0.448646171899
0.161277645864
0.217650210004
0.213304287953
0.294782124022
0.225254054275
0.334193571512
0.31978612241
0.234603275599
0.389747794744
0.27435260926
0.214552398426
0.300426032939
0.151287581985
0.351260890482
0.150935653723
0.151077602649
0.575187361489
0.446403329371
0.738041594904
0.339053231964
0.243060635267
0.847254710216
0.207197769884
0.207526841162
0.818162841825
0.852863289545
0.306318785077
0.361374632641
0.505555734011
0.338148174898
0.46317311007
0.306488904452
0.24254244375
0.181668581388
0.182369934406
0.241265250549
0.439543904199
0.489089284526
0.668815797897
0.217933008397
0.2778299077
0.486338997043
0.674059113895
0.475456400553
0.339598378609
0.592390508026
0.243148179642
0.945331862251
1.0
0.413373922932
0.879641009244
0.879641009244
1.0
0.914555216954
0.412207614073
0.414729526789
1.0
0.91512674709
0.218135470112
1.0
0.520785550433
0.184172035833
0.123010758907
0.123012828947
