0.399863125033
0.394154724677
0.44406301191
0.389303091521
0.44041472267
0.470108025682
0.43214246818
0.442796902304
0.460442592711
0.4723765192
0.449443338063
0.540481508882
0.515616966501
0.480918033355
0.450323264313
0.455871480542
0.474305104773
0.403179356395
0.452226718692
0.471395149999
0.486257298602
0.490143239614
0.50635184027
0.430422876782
0.461427769868
0.499293641434
0.50695067151
0.495505858912
0.487017034689
0.491609855292
0.464481946375
0.515773788304
0.474412440837
0.505127680296
0.378656558524
0.551801524721
0.371114503197
